/Users/jta/j/doc/house/huenerberg/waldrain/html/waldrain.github.io/doc/pv/2025-01_bms_battery_cell_data.txt

- prepare battery for rene
  charge renes battery
  2025-01-06 15:20 5.8A 26.98V avg 3.373V diff 0.223V bal -2.033A cells 3.338 3.554 t 3.347 3.330 b 3.355 3.341 3.347 3.367
  2025-01-07 10:20 5.8A 26.73V avg 3.342V diff 0.057V bal -1.833A cells 3.324 3.374 t 3.345 3.315 b 3.346 3.325 3.340 3.362
  2025-01-07 12:10 2.4A 26.66V avg 3.332V diff 0.019V bal -1.958A cells 3.326 3.342 t 3.335 3.323 b 3.334 3.324 3.344 3.339
  2025-01-07 16:10 2.4A 26.66V avg 3.333V diff 0.024V bal -1.982A cells 3.328 3.347 t 3.335 3.324 b 3.334 3.325 3.334 3.338
  2025-01-09 08:30 2.4A 26.71V avg 3.339V diff 0.018V bal -2.003A cells 3.335 3.350 t 3.340 3.331 b 3.339 3.331 3.340 3.342
  2025-01-09 11:50 0.0A 26.61V avg 3.326V diff 0.015V bal -1.298A cells 3.328 3.313 b 3.328 3.328   3.328 3.328 3.328 3.328
  2025-01-09 19:10 0.0A 26.57V avg 3.322V diff 0.010V bal -2.000A cells 3.323 3.315 b 3.324 3.323   3.323 3.323 3.323 3.322

- new 8S 24V battery with 280Ah cells
  when the BMS was turned on, it apparently assumed that the battery waas fully charged; why? wrong assumption!
  it then remained between 100% charge and down to 60% on 2025-02-14
  in the night from 2025-02-14 to 2025-02-15, it went to 0% due to cell 8 2.573V triggering protection cell under voltage (OS)
  on 2025-02-15, we started charging the battery from 0%
  the sun was shining all day, so we were also able to trun the wwwp in parallel

                   cons  volt  curr  avg  bala  diff  capac cells
                    kWh    V     A   V     A    V     %  Ah  V
  2025-01-10 17:20       26.4  -1.5 3.30 -1.91 0.033        3.274 3.306 3.303 3.306  3.306 3.306 3.306 3.305
  2025-01-10 22:00       26.3  -4.5 3.29 -2.08 0.039        3.264 3.302 3.302 3.302  3.302 3.305 3.305 3.301
  2025-01-11 08:40       26.3  -4.3 3.29 +2.01 0.042        3.261 3.302 3.302 3.302  3.303 3.303 3.301 3.300
  2025-01-11 10:40       26.5  +2.7 3.32 -1.94 0.039        3.285 3.322 3.321 3.322  3.323 3.323 3.322 3.322
  2025-01-11 12:10       27.0  25.0 3.38 -1.84 0.053        3.338 3.381 3.382 3.380  3.383 3.382 3.382 3.392
  2025-01-11 12:30       26.8  15.9 3.36 +1.91 0.040        3.328 3.362 3.359 3.360  3.369 3.367 3.362 3.362 wwwp on
  2025-01-11 14:20       26.4  -8.1 3.30 +1.99 0.027        3.284 3.309 3.309 3.308  3.303 3.306 3.311 3.311 wwwp off
  2025-01-11 14:30       26.7  13.2 3.34 +1.99 0.027        3.321 3.345 3.344 3.345  3.348 3.345 3.345 3.350
  2025-01-11 16:30       26.5  -0.4 3.32 +1.97 0.020        3.301 3.321 3.319 3.321  3.319 3.319 3.321 3.321
  2025-01-11 20:20       26.4  -1.7 3.30 -1.89 0.035        3.273 3.307 3.306 3.307  3.308 3.307 3.308 3.306
  2025-01-12 09:30       26.4   0.0 3.30 -2.02 0.039        3.273 3.311 3.311 3.311  3.312 3.312 3.312 3.311
  2025-01-12 12:20       26.5 -10.8 3.32 +1.95 0.036        3.381 3.332 3.330 3.325  3.328 3.330 3.332 3.325
  2025-01-12 12:50       26.3  -9.3 3.29 -0.11 0.040        3.261 3.298 3.295 3.296  3.297 3.300 3.295 3.289
  2025-01-12 13:00       26.7  16.3 3.35 -2.13 0.046        3.313 3.353 3.349 3.356  3.357 3.355 3.355 3.355
  2025-01-12 13:40       26.2 -11.6 3.28  0.00 0.039        3.253 3.286 3.289 3.286  3.286 3.291 3.293 3.280
  2025-01-12 13:50       26.5  13.4 3.32 -1.31 0.042        3.281 3.319 3.311 3.319  3.322 3.322 3.322 3.324
  2025-01-12 14:20       26.2 -12.8 3.28  0.00 0.034        3.255 3.284 3.285 3.284  3.289 3.277 3.277 3.276
  2025-01-12 14:30       26.3   5.2 3.30 +2.01 0.038        3.266 3.301 3.301 3.302  3.303 3.303 3.305 3.303
  2025-01-12 17:00       26.4  -2.9 3.30 -2.02 0.035        3.277 3.309 3.309 3.309  3.311 3.309 3.311 3.306
  2025-01-13 09:40       26.2  -0.2 3.28  0.00 0.034    216 3.261 3.279 3.285 3.282  3.291 3.292 3.285 3.297
  2025-01-13 11:10       26.6  +6.6 3.33 -2.14 0.039    218 3.298 3.325 3.333 3.333  3.337 3.337 3.330 3.337
  2025-01-13 18:20 837.4 26.5  -1.2 3.31 +1.01 0.039    243 3.274 3.313 3.313 3.314  3.313 3.313 3.314 3.313
  2025-01-14 07:50       26.2  -0.8 3.28  0.00 0.031    218 3.261 3.271 3.275 3.274  3.282 3.281 3.276 3.293
  2025-01-14 15:20       26.3 -13.7 3.29  0.00 0.040    246 3.258 3.296 3.295 3.292  3.293 3.297 3.292 3.281
  2025-01-15 09:00       26.2  -4.8 3.27  0.00 0.026    224 3.258 3.264 3.279 3.266  3.276 3.277 3.269 3.285
  2025-01-15 11:40 840.7 26.1  -5.0 3.26  0.00 0.017    204 3.253 3.263 3.263 3.266  3.263 3.264 3.268 3.270
  2025-01-15 12:20 840.7 26.0 -11.8 3.25  0.00 0.018    199 3.238 3.252 3.248 3.250  3.248 3.2.. 3.2.. 3.244
  2025-01-15 15:00       26.4  +3.1 3.30  1.93 0.012    212 3.301 3.305 3.303 3.305  3.306 3.306 3.307 3.314
  2025-01-15 18:20 841.2 26.2  -1.4 3.27  0.00 0.010    213 3.268 3.273 3.274 3.273  3.275 3.275 3.274 3.279
  2025-01-16 08:30 841.6 26.0  -0.6 3.25  0.00 0.029    188 3.232 3.260 3.261 3.260  3.259 3.260 3.261 3.259 AC 400Wh DC 650Wh 0.62
  2025-01-16 13:30       26.3  +3.7 3.28  0.00 0.006    204 3.280 3.285 3.286 3.285  3.286 3.286 3.287 3.290
  2025-01-20 10:10       26.7  +7.4 3.34  2.00 0.037    252 3.313 3.346 3.345 3.348  3.349 3.346 3.345 3.350
  2025-01-20 13:20       26.9  12.0 3.37  2.00 0.020    277 3.351 3.364 3.366 3.367  3.371 3.365 3.362 3.369 wwwp on
  2025-01-20 14:20       26.7   0.0 3.34 -1.90 0.008    274 3.334 3.338 3.338 3.337  3.333 3.338 3.339 3.337
  2025-01-20 14:40       26.6   0.0 3.32 -1.98 0.008    274 3.323 3.322 3.324 3.327  3.324 3.322 3.330 3.327
  2025-01-20 15:20       26.4 -11.0 3.30 -1.95 0.014    269 3.295 3.298 3.298 3.303  3.302 3.300 3.306 3.295 wwwp 54 degrees
  2025-01-20 17:30 846.8 26.5  -1.7 3.32  0.00 0.001    272 3.317 3.317 3.318 3.319  3.317 3.317 3.318 3.318
  2025-01-21 08:00 847.1 26.4  -0.6 3.30 -1.95 0.033    252 3.276 3.309 3.308 3.308  3.308 3.309 3.308 3.308 AC 300Wh DC 528Wh 0.57
  2025-01-21 09:40       26.6  +3.1 3.33 -1.93 0.034    252 3.298 3.330 3.329 3.330  3.330 3.330 3.330 3.330
  2025-01-21 11:50       27.1  18.6 3.38 -1.39 0.023    269 3.369 3.385 3.382 3.382  3.387 3.386 3.386 3.389 wwwp on
  2025-01-21 14:30       26.7   0.0 3.34 -1.90 0.007    274 3.339 3.339 3.337 3.334  3.336 3.339 3.340 3.333 wwwp on
  2025-01-21 14:50       26.5  -7.0 3.32 +2.05 0.009    274 3.324 3.318 3.317 3.318  3.321 3.321 3.323 3.314 wwwp on
  2025-01-21 15:00       26.7 +13.4 3.45 -1.87 0.006    274 3.344 3.344 3.344 3.344  3.345 3.344 3.346 3.351 wwwp off 51 degrees
  2025-01-21 16:10       26.7  -7.4 3.34 -2.05 0.006    274 3.338 3.339 3.339 3.338  3.340 3.343 3.342 3.334 ebike charger
  2025-01-21 17:50 848.9 26.5  -2.3 3.31 -1.98 0.005    269 3.316 3.311 3.309 3.312  3.311 3.312 3.311 3.312
  2025-01-21 21:30 849.1 26.4  -3.7 3.30  0.00 0.003    258 3.307 3.305 3.306 3.306  3.305 3.305 3.306 3.305 AC 200Wh DC 290Wh 0.69
  2025-01-22 08:00 850.0 26.4  -3.3 3.30 -1.81 0.032    215 3.271 3.301 3.302 3.303  3.303 3.303 3.303 3.302 AC 1100Wh DC 1426Wh 0.77
  2025-01-22 10:00       26.5  +0.6 3.31 +1.80 0.035    216 3.280 3.312 3.313 3.313  3.314 3.316 3.316 3.316 rainy
  2025-01-22 16:10       26.4  -0.2 3.30 -2.06 0.027    210 3.280 3.298 3.300 3.300  3.306 3.307 3.306 3.307 rainy
  2025-01-22 22:40 850.4 26.15 -3.3 3.27  0.00 0.007    199 3.265 3.269 3.268 3.268  3.369 3.371 3.370 3.364 rainy
  2025-01-23 07:50 850.6 26.1  -3.3 3.26  0.00 0.004    185 3.263 3.264 3.264 3.264  3.364 3.364 3.364 3.360 AC 200Wh DC 365Wh 0.55
  2025-01-23 21:20       26.0  -1.4 3.26  0.00 0.002    165 3.259 3.260 3.260 3.261  3.361 3.361 3.360 3.360
  2025-01-24 08:40       26.0  -2.3 3.26  0.00 0.025    146 3.236 3.259 3.260 3.260  3.259 3.259 3.261 3.258
  2025-01-24 11:10       26.6 +11.6 3.32 -1.71 0.010    160 3.312 3.319 3.319 3.319  3.322 3.322 3.361 3.358
  2025-01-24 13:40       26.7 +21.1 3.34 -1.91 0.016    196 3.325 3.335 3.335 3.335  3.338 3.335 3.339 3.344
  2025-01-24 16:40       26.5  +0.4 3.31 -2.08 0.018    218 3.301 3.314 3.316 3.316  3.318 3.318 3.319 3.314
  2025-01-24 17:40 851.9 26.4  -1.0 3.30 +1.94 0.013    218 3.203 3.302 3.305 3.303  3.305 3.305 3.305 3.298
  2025-01-25 08:30 852.3 26.1  -0.8 3.27  0.00 0.004    193 3.269 3.270 3.270 3.269  3.269 3.270 3.271 3.268 AC 400Wh DC 655Wh 0.61
  2025-01-25 18:00 852.5 26.5  -0.6 3.32  2.03 0.024    246 3.297 3.319 3.321 3.321  3.321 3.321 3.321 3.321
  2025-01-26 08:40 852.9 26.2  -0.8 3.27  0.00 0.005    221 3.273 3.275 3.275 3.275  3.275 3.276 3.276 3.273 AC 400Wh DC 655Wh 0.61
  2025-01-26 14:40       26.7  +6.4 3.33 -2.06 0.007    260 3.334 3.330 3.330 3.333  3.330 3.330 3.328 3.339
  2025-01-26 14:50       26.6   0.0 3.33 -1.93 0.009    260 3.325 3.328 3.332 3.332  3.334 3.330 3.328 3.332 wwwp off 56 degrees
  2025-01-27 15:10       26.2  -0.8 3.27  0.00 0.009    235 3.269 3.275 3.274 3.275  3.275 3.277 3.277 3.273 rainy
  2025-01-27 19:10       26.2  -1.9 3.27  0.00 0.004    227 3.273 3.274 3.271 3.274  3.273 3.274 3.275 3.270
  2025-01-28 08:30       26.1  -0.6 3.27  0.00 0.004    204 3.268 3.265 3.266 3.266  3.265 3.265 3.266 3.264
  2025-01-28 20:30 856.1 26.2  -1.5 3.28  0.00 0.003    238 3.273 3.276 3.276 3.275  3.275 3.276 3.276 3.274
  2025-01-29 08:00 856.5 26.1  -3.3 3.26  0.00 0.007    215 3.265 3.263 3.261 3.261  3.261 3.261 3.261 3.259 AC 400Wh DC 600Wh 0.67
  2025-01-29 12:00       26.8 +23.4 3.35 -2.00 0.018    244 3.341 3.353 3.351 3.353  3.355 3.355 3.356 3.359
  2025-01-29 12:01 856.6 26.7 +11.6 3.34 -2.00 0.012    244 3.332 3.339 3.334 3.334  3.337 3.341 3.339 3.335 wwwp on 38 degrees
  2025-01-29 14:10       26.8  +7.4 3.35 -1.90 0.016    260 3.330 3.345 3.349 3.350  3.344 3.349 3.351 3.354 wwwp on 48 degrees
  2025-01-29 15:00 857.9 26.6  -7.7 3.32 -2.01 0.007    269 3.329 3.324 3.328 3.327  3.328 3.322 3.319 3.322 wwwp on 51 degrees
  2025-01-29 15:04 857.9 26.7 +13.7 3.42 +1.94 0.010    269 3.337 3.340 3.341 3.340  3.341 3.341 3.343 3.346 wwwp off 51 degrees
  2025-01-29 17:40 858.1 26.6  -1.0 3.32  0.00 0.002    269 3.323 3.323 3.323 3.323  3.323 3.323 3.323 3.322
  2025-01-30 08:20 858.6 26.2  -0.6 3.27  0.00 0.003    238 3.271 3.270 3.268 3.271  3.270 3.271 3.271 3.268 AC 500Wh DC 812Wh 0.62
  2025-02-02 11:40       25.7  -1.2 3.21  0.00 0.022    137 3.191 3.211 3.208 3.212  3.208 3.212 3.211 3.202
  2025-02-02 14:40       26.0  +2.3 3.25  0.00 0.023    140 3.231 3.252 3.248 3.252  3.250 3.253 3.252 3.247
  2025-02-02 18:00       25.6  -1.9 3.19  0.00 0.024    140 3.218 3.202 3.204 3.201  3.199 3.204 3.204 3.195
  2025-02-02 21:30 861.8 25.4  -4.1 3.17  0.00 0.014    132 3.165 3.175 3.175 3.173  3.168 3.176 3.176 3.162
  2025-02-03 05:20       25.3  -1.2 3.17  0.00 0.057    120 3.114 3.169 3.168 3.168  3.167 3.168 3.169 3.164
  2025-02-03 06:20       25.2  -1.7 3.15  0.00 0.083    118 3.085 3.167 3.165 3.167  3.164 3.167 3.168 3.160
  2025-02-03 07:50 862.1 25.2  -0.8 3.14  0.00 0.128    115 3.037 3.164 3.163 3.162  3.157 3.164 3.165 3.146 AC 300Wh DC 430Wh 0.70
  2025-02-03 10:50       25.2  -1.4 3.16  0.00 0.152    115 3.031 3.181 3.176 3.176  3.167 3.184 3.183 3.154
  2025-02-03 20:50       25.1  -4.6 3.14  0.00 0.097    118 3.060 3.156 3.157 3.156  3.152 3.159 3.159 3.149 turned off PV inverter
  2025-02-04 07:00       25.3   0.0 3.16  0.00 0.125    118 3.055 3.180 3.179 3.178  3.174 3.179 3.180 3.165 inverter still off
  2025-02-04 12:30 862.4 26.6 +32.3 3.33 -2.04 0.033    168 3.306 3.330 3.330 3.325  3.330 3.333 3.337 3.340 sunny; turn inverter on
  2025-02-04 14:20       26.7 +25.6 3.34 -2.04 0.015    221 3.330 3.334 3.334 3.333  3.337 3.337 3.340 3.344 sunny
  2025-02-04 15:00       26.6 +19.4 3.33 -2.14 0.015    238 3.325 3.329 3.329 3.328  3.333 3.333 3.333 3.337 sunny; turn on wwwp
  2025-02-04 15:30       26.3  -6.2 3.29  0.00 0.007    238 3.292 3.298 3.291 3.295  3.295 3.287 3.296 3.296 sunny; wwwp on
  2025-02-04 15:40       26.5 +14.3 3.31  1.93 0.009    238 3.302 3.306 3.306 3.307  3.307 3.307 3.311 3.311 sunny; wwwp off
  2025-02-04 22:20       26.2  -3.9 3.27  0.00 0.004    230 3.271 3.273 3.275 3.274  3.273 3.271 3.274 3.271
  2025-02-05 09:20 863.3 26.2  -1.7 3.27  0.00 0.005    216 3.273 3.273 3.274 3.271  3.271 3.273 3.273 3.269 sunny rising
  2025-02-05 09:30 863.3 26.1 -10.8 3.26  0.00 0.010    216 3.265 3.265 3.264 3.263  3.263 3.264 3.263 3.255 sunny wwwp on 44 degrees
  2025-02-05 09:50       26.0 -12.2 3.25  0.00 0.008    210 3.252 3.248 3.253 3.253  3.245 3.245 3.245 3.244 sunny wwwp on
  2025-02-05 10:50       26.2  +5.8 3.28  0.00 0.000    204 3.279 3.281 3.279 3.277  3.280 3.284 3.280 3.275 sunny wwwp on
  2025-02-05 12:50 864.9 26.6 +14.5 3.33 -2.03 0.011    218 3.323 3.332 3.327 3.325  3.327 3.327 3.325 3.332 sunny wwwp on 50 degrees AC 1.6kWh
  2025-02-05 14:10 865.7 26.5  +9.1 3.32 +2.05 0.013    232 3.314 3.318 3.316 3.321  3.321 3.314 3.317 3.323 sunny wwwp on 56 degrees AC 2.4kWh
  2025-02-05 14:20 865.7 26.7 +26.9 3.34 +1.94 0.016    232 3.335 3.341 3.339 3.340  3.345 3.343 3.345 3.351 sunny wwwp off
  2025-02-05 16:50       26.4  +0.4 3.30  0.00 0.004    266 3.303 3.305 3.305 3.305  3.305 3.305 3.306 3.302 sunset soon
  2025-02-05 18:30 865.8 26.3  -1.4 3.29  0.00 0.005    263 3.291 3.292 3.291 3.292  3.291 3.291 3.291 3.287
  2025-02-06 09:00 866.2 26.1  -1.4 3.26  0.00 0.002    238 3.265 3.265 3.268 3.265  3.264 3.265 3.266 3.264 AC 400Wh DC 25Ah 650Wh 0.62
  2025-02-06 15:00       26.1  -2.1 3.26  0.00 0.002    232 3.266 3.265 3.266 3.266  3.266 3.265 3.265 3.264
  2025-02-06 20:30       26.1  -2.1 3.26  0.00 0.003    224 3.264 3.263 3.264 3.264  3.263 3.263 3.264 3.260
  2025-02-06 23:30       26.1  -1.5 3.26  0.00 0.006    210 3.264 3.264 3.263 3.264  3.263 3.264 3.264 3.258
  2025-02-08 14:50       26.5  +7.4 3.31 -1.96 0.007    255 3.311 3.307 3.309 3.309  3.311 3.316 3.316 3.308 wwwp on since 10 o'clock and now at 58 degrees
  2025-02-13 21:20       25.4  -1.5 3.17  0.00 0.013 62 174 3.174 3.175 3.174 3.175  3.172 3.175 3.174 3.163 several cloudy days
  2025-02-14 13:00       25.8  +0.8 3.23  0.00 0.017 66 185 3.222 3.229 3.232 3.228  3.223 3.229 3.228 3.215
  2025-02-14 15:20       25.8  -1.2 3.22  0.00 0.018 65 182 3.215 3.222 3.224 3.222  3.216 3.222 3.222 3.206
  2025-02-14 19:00       25.5  -2.5 3.19  0.00 0.012 64 179 3.189 3.192 3.194 3.191  3.188 3.192 3.191 3.183
  2025-02-14 23:00 877.4 25.3  -1.2 3.16  0.00 0.091 60 168 3.165 3.173 3.172 3.173  3.167 3.173 3.174 3.082 DC 168Ah = 4kW reserve left, but nix da, completely wrong assumption!
  2025-02-15 08:00 877.6 24.1   0.0 3.01  0.00 0.528  0  00 3.009 3.087 3.101 3.085  3.029 3.092 3.084 2.573 AC 200Wh, crash, cell 8 protection cell under voltage (OS)
  2025-02-15 08:40 877.6 24.2  +0.4 3.03  0.00 0.461  0  00 3.023 3.099 3.111 3.098  3.042 3.103 3.096 2.651
  2025-02-15 09:40 877.6 25.0 +10.1 3.12  0.00 0.277  0  00 3.103 3.168 3.178 3.167  3.124 3.179 3.165 2.902
  2025-02-15 11:00       26.2 +34.5 3.28 -1.83 0.041  9  25 3.260 3.275 3.276 3.273  3.275 3.300 3.281 3.277
  2025-02-15 12:40       26.6 +37.8 3.35 +2.00 0.036 28  78 3.335 3.341 3.340 3.339  3.345 3.370 3.350 3.355 wwwp off
  2025-02-15 12:50       26.6 +18.6 3.33 -2.04 0.027 28  78 3.322 3.324 3.328 3.330  3.332 3.338 3.338 3.338 wwwp on start
  2025-02-15 13:10       26.6 +18.8 3.32 +1.94 0.016 30  84 3.317 3.321 3.323 3.323  3.321 3.332 3.327 3.333 wwwp on
  2025-02-15 14:20       26.6 +13.0 3.32 -1.90 0.007 38 106 3.316 3.317 3.321 3.319  3.321 3.337 3.318 3.318 wwwp on 48 degrees
  2025-02-15 15:00       26.7 +26.3 3.34 +1.97 0.022 40 112 3.328 3.332 3.332 3.332  3.335 3.350 3.337 3.341 wwwp off 51 degrees
  2025-02-15 15:30       26.6 +15.7 3.33 -1.99 0.015 44 123 3.323 3.324 3.323 3.324  3.327 3.337 3.328 3.332
  2025-02-15 16:50       26.4  +0.8 3.30  0.00 0.002 47 132 3.303 3.303 3.302 3.303  3.302 3.303 3.303 3.301
  2025-02-15 17:30 878.8 26.3  -1.7 3.29  0.00 0.005 47 132 3.289 3.287 3.287 3.289  3.287 3.286 3.289 3.284 AC 35W DC 45W 0.78
  2025-02-15 21:40 879.1 26.2  -1.9 3.28  0.00 0.003 42 118 3.276 3.276 3.279 3.277  3.276 3.275 3.276 3.275 AC 31W DC 50W 0.62


26.5V * 32A = 848W, 800Wh/h, 30 Ah/h

AC 1kWh DC 1500Wh 60Ah

